237
619
227
17
910
32
51
123
275
887
809
734
438
688
125
823
99
427
318
157
95
861
217
250
950
127
644
787
555
128
427
366
404
274
586
724
484
299
572
911
629
773
788
406
637
527
754
503
745
325
153
44
768
230
86
113
649
685
971
164
702
467
757
894
723
258
531
786
282
205
648
171
553
246
595
66
239
895
589
601
202
278
346
834
877
539
395
587
48
139
219
190
448
74
161
331
249
365
270
538
865
406
344
670
238
995
733
771
963
521
548
852
687
220
49
494
334
938
879
569
653
634
147
776
552
791
542
695
198
673
131
188
799
86
458
433
805
852
756
985
145
891
520
481
647
769
765
705
900
949
401
979
895
528
634
171
390
289
539
255
714
640
561
49
198
333
526
275
532
170
102
811
361
94
896
39
690
292
119
250
575
155
938
224
902
631
449
334
579
840
297
773
870
9
129
145
254
995
126
733
629
515
100
529
572
354
574
799
353
604
392
90
973
972
594
272
499
197
176
330
46
315
928
337
666
668
755
139
470
289
728
206
232
601
894
757
209
424
648
129
866
739
910
825
720
416
817
116
901
236
590
398
567
884
48
754
564
24
479
568
126
797
917
279
171
891
819
588
320
886
255
812
624
176
657
926
751
103
719
540
788
434
517
419
694
82
776
393
422
167
229
607
814
401
405
96
976
600
29
457
498
230
963
264
712
843
739
578
851
945
451
279
1
697
203
913
756
509
970
646
255
864
284
377
207
579
480
360
798
90
26
201
342
702
916
623
380
420
378
300
42
222
366
398
538
376
713
807
464
133
220
160
80
171
46
870
751
877
862
960
254
936
739
839
836
920
690
278
339
267
152
789
199
278
624
753
634
575
999
670
3
219
855
607
767
289
265
717
977
206
78
415
655
234
912
257
437
867
596
952
926
728
987
148
503
825
817
919
910
310
901
245
635
397
706
684
423
168
582
959
418
541
89
662
705
992
176
751
216
286
987
83
475
828
236
586
148
639
41
32
920
349
611
613
475
364
343
879
541
441
989
43
228
228
128
500
572
434
517
26
21
827
415
671
180
805
298
22
173
561
895
253
679
372
672
565
872
185
604
935
83
956
365
290
566
906
160
450
585
1000
341
658
12
201
936
973
233
652
999
481
394
565
716
462
828
347
749
766
28
450
995
621
168
314
944
195
905
815
892
823
999
346
337
398
662
952
878
501
449
274
745
395
708
157
344
402
5
618
394
288
686
656
362
729
612
257
76
895
564
27
763
188
999
344
385
639
986
688
1000
94
340
557
833
603
554
743
355
2
709
281
279
842
902
828
218
842
856
51
466
933
103
982
252
673
232
546
181
180
545
153
103
81
882
607
143
818
916
261
61
285
665
417
892
780
741
125
346
32
107
870
474
958
698
416
272
893
970
489
308
926
746
155
723
277
444
206
211
695
91
13
510
996
531
16
912
632
650
234
268
932
429
412
275
330
766
665
239
257
717
691
240
725
237
799
364
595
552
660
156
995
454
137
21
439
586
823
836
27
549
749
774
662
351
515
703
744
338
898
609
428
370
586
263
64
514
91
802
434
737
648
756
654
389
64
347
173
110
495
48
312
742
789
89
901
328
541
708
609
455
881
501
631
520
356
90
839
386
336
780
451
380
905
369
247
360
130
816
15
544
206
516
396
6
842
245
818
744
761
827
436
235
447
613
809
687
867
17
52
436
671
548
94
331
545
476
990
144
199
420
108
951
814
632
674
268
460
474
140
911
431
716
146
112
29
71
467
88
965
691
644
560
830
856
602
901
199
445
508
61
271
958
548
931
390
603
872
161
331
743
852
302
791
455
66
294
657
508
133
562
716
186
202
735
151
425
703
259
947
995
833
973
874
664
529
404
685
527
662
932
903
294
425
852
993
171
397
67
429
60
590
717
95
620
947
712
264
479
919
36
549
968
868
826
672
808
193
291
973
386
590
141
760
101
428
658
941
650
283
265
504
366
414
249
598
538
746
787
171
977
791
328
749
554
926
107
625
631
780
904
205
981
837
588
550
877
149
511
219
26
971
32
945
36
439
855
168
836
869
873
934
153
890
855
275
602
494
848
829
109
483
17
13
536
766
226
289
70
899
595
163
788
885
286
346
412
286
854
663
993
996
353
755
669
38
802
767
544
165
394
677
490
822
568
317
90
374
710
57
863
551
558
21
847
91
797
898
343
838
799
226
379
680
227
825
998
851
512
618
163
475
400
159
221
572
420
413
341
536
313
999
714
464
977
26
933
58
108
393
949
997
