550
69
301
767
834
87
878
988
124
479
222
669
860
555
473
435
750
500
729
968
882
28
10
374
732
113
584
89
297
73
923
235
203
670
458
927
190
268
638
800
324
80
984
338
14
508
494
137
269
88
546
41
576
795
139
854
990
955
752
229
510
665
114
683
861
856
113
196
928
471
594
926
563
757
176
72
241
77
777
309
684
842
66
709
72
885
277
845
107
205
833
846
576
861
939
44
260
236
564
576
168
225
123
968
624
814
149
381
803
359
778
6
21
650
282
883
969
297
687
284
771
294
260
138
317
150
126
558
176
210
803
818
685
698
609
429
564
578
879
155
85
465
498
115
270
423
417
386
916
136
409
401
637
679
856
523
678
428
484
530
352
968
516
354
840
233
50
573
407
97
39
336
591
308
783
126
696
98
855
492
985
913
564
565
867
71
141
399
186
462
364
94
37
193
17
63
881
278
920
800
449
749
764
246
409
280
492
590
298
634
140
992
832
85
583
441
355
975
332
80
259
429
895
755
983
355
849
347
408
226
74
342
185
931
582
723
282
340
790
427
46
248
281
822
537
211
674
291
734
151
268
861
967
912
283
82
910
951
717
981
141
341
377
495
385
766
950
289
308
696
695
853
410
484
445
670
460
492
126
749
140
918
557
789
200
136
818
474
42
500
20
29
151
526
3
923
783
468
787
447
701
589
462
452
135
69
961
672
384
72
2
206
444
548
664
58
964
964
795
394
107
547
550
467
935
630
211
586
156
973
405
149
262
507
195
640
397
595
388
180
982
198
214
725
256
178
748
611
156
437
591
212
32
659
795
23
37
604
262
44
480
242
813
795
982
273
543
898
948
143
910
762
974
294
451
900
454
128
665
840
791
467
893
823
554
661
708
338
657
41
502
993
467
562
945
769
135
656
465
304
436
281
175
435
504
426
712
922
887
814
199
353
471
373
397
723
841
169
864
34
347
477
354
122
100
175
436
903
183
295
698
539
84
136
760
661
299
295
541
583
371
138
295
206
218
884
648
239
101
822
71
488
546
87
250
789
100
646
75
245
407
703
592
580
549
629
400
657
977
16
794
739
761
799
360
439
105
831
269
301
974
284
530
453
280
151
471
884
923
802
584
59
975
104
973
305
527
168
527
552
272
107
872
614
883
211
195
773
628
527
356
668
907
708
368
967
227
127
72
429
993
952
378
57
175
825
281
356
914
952
502
992
273
728
22
960
295
655
294
678
867
851
389
932
549
574
945
984
652
644
653
978
774
739
33
167
647
834
730
507
110
669
380
539
420
912
733
201
62
594
83
307
789
860
857
518
53
617
478
438
706
209
663
450
698
57
822
534
918
45
618
600
786
104
841
967
576
635
340
521
752
588
682
261
716
785
327
680
72
830
182
483
895
195
557
132
932
58
944
748
638
239
785
74
816
225
798
38
655
976
491
704
901
151
370
890
86
499
912
275
233
461
129
718
841
925
639
74
149
919
759
387
269
843
845
433
110
863
90
959
991
960
842
903
549
657
355
227
228
210
266
759
431
853
392
190
57
589
221
227
989
376
92
705
468
919
496
548
245
35
949
386
505
482
666
100
703
898
773
289
285
605
359
117
761
302
434
701
639
787
232
607
132
420
158
944
938
475
513
589
140
620
839
726
237
79
474
576
180
531
224
539
595
245
239
235
128
665
879
962
339
529
72
294
689
764
869
559
809
624
913
91
381
683
849
533
115
694
626
212
460
699
701
888
540
561
728
299
100
54
352
669
725
460
291
968
814
983
602
453
791
654
94
422
822
383
531
646
650
448
795
22
295
803
124
234
162
162
964
91
285
372
331
502
788
102
147
677
393
606
588
212
717
724
931
783
56
601
131
817
12
564
660
552
709
803
875
152
83
295
627
461
794
12
530
821
337
919
279
765
283
488
59
707
539
170
677
436
411
545
523
247
951
676
749
945
693
146
500
738
352
617
707
392
941
693
53
202
837
479
103
408
612
438
639
722
97
202
830
14
487
142
810
654
108
589
367
177
208
841
702
232
832
424
278
395
540
856
931
438
101
292
580
151
707
128
649
721
582
201
733
981
852
881
256
671
474
985
665
591
486
383
650
626
509
883
187
352
680
733
428
767
68
745
749
600
170
413
568
688
772
426
506
866
809
505
286
146
931
952
35
829
495
293
903
360
21
875
827
206
417
115
432
182
25
628
658
964
103
246
573
287
97
307
350
795
399
783
555
912
709
217
485
898
707
419
253
322
593
615
437
37
542
746
528
820
147
606
972
516
347
66
767
166
878
148
472
498
703
506
575
247
394
685
800
102
561
560
884
152
569
496
497
453
353
467
763
335
963
518
130
126
942
338
182
653
251
662
464
765
998
491
627
113
456
132
539
881
3
844
909
402
413
317
871
662
880
838
41
833
889
845
348
268
736
549
778
61
471
969
159
222
303
346
78
988
255
973
879
971
479
889
135
609
708
751
432
240
428
210
267
96
925
474
691
477
8
980
212
148
220
828
700
91
905
166
296
34
969
32
770
709
406
100
530
523
160
645
595
828
733
728
504
894
726
934
766
120
80
398
763
659
992
640
543
198
59
607
42
857
429
79
711
29
703
144
527
346
591
488
857
128
571
24
208
978
533
160
957
935
470
133
711
251
404
980
993
662
294
815
771
819
818
447
507
932
28
474
181
260
178
640
256
213
453
521
68
11
475
193
265
953
739
998
497
330
192
529
825
739
338
491
867
423
441
419
512
250
75
805
548
131
984
636
378
220
861
435
930
643
30
785
929
574
647
139
952
522
748
910
431
213
191
598
643
461
722
680
925
184
438
407
309
37
427
421
655
651
313
239
573
273
566
559
269
262
225
420
140
362
279
388
747
4
356
349
570
869
205
793
186
228
283
40
607
44
41
42
525
76
994
893
930
677
37
779
685
849
707
728
750
673
651
331
254
96
770
755
352
103
785
724
352
248
746
489
978
663
716
260
742
125
663
684
403
151
49
351
586
695
131
280
469
425
542
50
975
305
946
846
549
531
479
617
254
939
933
562
191
622
994
938
138
568
282
925
551
207
564
120
459
296
202
244
841
337
57
498
15
47
826
678
722
273
960
953
268
60
986
626
637
329
236
349
319
700
313
647
631
269
892
273
105
980
200
883
642
41
883
34
20
570
858
333
822
361
945
156
82
741
483
770
172
711
993
637
975
952
422
443
289
282
466
704
98
140
68
413
809
689
830
891
952
955
764
144
730
579
581
57
697
637
806
641
812
842
331
657
569
822
79
697
407
100
373
645
864
766
792
611
205
345
360
708
547
112
694
10
20
928
363
361
425
76
772
912
38
314
40
370
878
637
724
280
25
332
751
273
603
683
90
45
623
825
219
534
388
786
842
544
198
318
138
411
120
146
468
975
489
629
961
375
525
325
767
88
574
267
926
404
57
548
419
770
550
625
877
289
67
322
902
693
928
415
643
728
184
71
720
85
198
44
54
681
142
646
886
811
950
639
43
725
52
847
971
635
634
458
86
604
792
894
771
887
568
97
966
472
328
371
622
450
195
495
167
239
905
192
499
926
513
706
134
101
956
438
674
511
219
786
488
679
243
512
848
582
408
926
315
210
113
934
703
71
138
902
267
570
839
619
988
868
712
634
583
803
679
472
727
527
810
450
377
660
485
783
39
795
432
676
18
614
801
712
299
972
147
634
676
673
975
719
242
930
529
809
661
976
215
468
68
603
374
347
867
96
590
378
750
30
14
877
522
69
578
257
410
968
732
273
600
117
730
581
188
363
39
597
762
403
100
244
63
682
503
747
724
646
708
571
590
814
228
968
397
295
100
954
379
132
871
853
64
182
454
891
420
973
311
48
92
813
644
751
425
964
22
212
69
908
769
697
207
468
609
372
793
723
869
17
448
792
236
388
515
19
421
170
336
824
43
193
52
38
777
469
530
443
682
444
373
354
780
228
449
335
318
963
55
890
168
263
127
603
353
576
523
189
375
771
537
541
394
512
90
317
666
782
25
364
859
901
230
865
294
164
203
248
978
828
806
971
354
573
737
173
520
864
702
123
674
644
359
700
685
469
77
67
328
602
295
770
930
486
886
961
174
873
791
599
373
39
96
87
564
194
726
439
889
611
630
198
688
575
946
972
699
208
471
807
553
209
229
723
894
86
174
569
60
555
571
35
751
348
323
230
783
901
117
593
74
699
161
893
865
179
338
518
612
857
846
2
216
715
681
775
215
503
46
25
208
10
640
996
985
491
240
263
3
608
904
850
389
151
576
97
427
135
150
289
296
224
667
987
962
528
12
807
285
520
806
771
115
567
294
179
946
885
487
763
62
826
581
683
305
511
506
642
448
493
967
726
784
869
982
507
289
961
317
419
657
905
181
724
356
224
404
72
363
928
56
641
810
826
845
891
223
3
705
695
543
900
573
61
571
33
495
177
468
620
734
770
578
874
181
607
587
742
740
650
962
469
595
754
174
322
432
459
701
67
275
601
337
532
792
85
82
938
493
790
547
946
61
276
457
91
772
850
473
18
876
682
97
109
799
829
163
17
46
235
534
591
209
343
69
701
184
542
363
257
385
546
959
980
139
147
165
668
971
293
757
10
589
727
816
590
789
235
792
751
126
18
135
216
851
82
755
783
276
274
464
879
467
516
839
592
312
844
966
470
682
113
727
512
463
370
862
177
269
283
157
428
153
704
386
492
665
849
955
754
101
838
825
370
155
949
475
488
124
858
588
807
696
198
520
914
977
915
138
815
599
390
130
320
272
374
862
956
234
85
310
654
963
357
580
820
449
196
628
971
622
467
152
672
391
539
511
674
957
993
247
663
955
612
200
996
432
972
995
361
264
101
3
891
366
437
259
228
469
554
441
408
127
671
9
810
797
73
156
615
121
261
714
328
936
716
862
390
556
161
754
905
577
922
763
169
86
246
621
577
758
191
530
769
928
335
367
643
763
71
992
392
766
862
229
172
959
807
157
503
299
630
426
773
350
372
628
793
99
441
587
301
677
682
895
853
47
507
435
581
561
518
330
959
620
964
176
466
328
164
971
168
820
858
299
830
646
290
720
201
188
237
236
815
938
11
777
292
12
794
580
478
279
269
26
635
683
65
865
466
467
708
202
583
16
350
590
155
115
317
167
827
802
340
112
215
909
803
263
86
857
365
562
640
660
53
784
572
922
379
538
412
920
998
594
13
287
98
906
579
59
36
943
773
197
243
384
813
78
554
450
763
580
339
374
890
34
542
85
522
347
914
362
224
583
771
665
555
233
421
319
80
136
440
34
441
597
236
986
673
284
471
817
987
687
165
399
660
383
279
952
533
164
935
202
270
7
403
249
904
262
128
62
153
352
392
272
61
961
327
945
771
952
331
548
718
416
546
717
205
276
449
490
22
86
266
312
902
793
141
490
819
213
818
293
206
604
165
31
699
987
852
282
299
930
621
979
52
279
211
104
159
400
179
346
3
561
218
414
456
965
409
74
430
967
348
639
167
139
671
233
786
409
401
647
433
418
702
919
614
454
144
729
905
101
934
712
789
772
896
156
180
667
505
3
160
604
829
345
108
863
229
341
818
628
825
919
566
200
574
791
162
228
888
455
275
769
889
860
292
945
427
345
307
858
666
820
801
476
470
125
621
726
568
668
123
852
762
602
768
483
180
27
521
248
708
611
85
990
789
839
25
966
196
485
283
156
239
382
977
671
662
386
978
337
55
533
629
256
877
433
328
525
800
676
580
275
963
380
64
394
626
8
330
300
146
240
773
63
974
624
376
13
126
928
899
192
467
336
96
986
89
307
287
4
659
257
593
965
966
946
690
37
959
575
849
75
942
739
122
132
799
722
54
829
606
248
856
371
683
21
348
992
110
512
827
185
853
906
418
550
356
653
892
329
524
221
893
226
575
501
424
107
747
236
131
416
333
537
234
841
528
613
577
891
910
337
654
987
885
304
438
925
30
238
814
260
467
9
765
123
758
510
457
315
794
967
327
342
100
380
935
924
465
375
39
107
15
461
151
148
668
674
940
27
372
668
49
248
337
243
675
940
531
143
212
670
19
794
658
375
954
823
9
58
367
724
358
264
673
724
685
58
986
784
742
529
325
71
171
755
25
843
126
286
421
6
664
274
446
677
45
90
968
76
254
804
210
779
687
721
693
663
538
694
566
483
27
836
625
968
206
670
896
506
990
809
981
566
703
512
973
817
934
729
237
275
688
841
681
276
312
647
139
45
277
456
240
930
43
863
729
646
625
232
425
703
667
357
554
284
504
728
134
797
143
106
650
18
773
971
805
263
586
107
634
958
846
792
17
293
174
721
421
481
115
35
722
755
229
282
741
18
619
546
873
441
550
702
815
299
191
344
549
797
462
739
522
794
477
806
777
588
564
561
204
314
350
557
75
757
508
975
934
319
120
13
543
422
637
37
435
37
301
2
522
781
955
383
941
266
546
721
807
608
261
272
911
448
449
399
182
653
472
493
780
668
759
531
135
419
714
598
935
617
215
567
203
895
216
385
584
85
949
882
572
224
609
710
94
579
212
977
72
627
385
932
719
936
272
618
50
960
695
147
530
582
493
320
249
131
391
55
102
356
262
450
407
621
784
3
864
563
958
899
492
480
879
124
912
995
75
147
560
118
555
642
229
636
142
660
724
562
63
746
5
645
509
6
289
221
99
479
357
489
921
588
55
251
650
404
383
341
337
878
880
276
869
84
759
948
924
805
27
500
343
10
989
683
699
257
370
602
392
505
198
836
317
358
788
365
995
310
107
935
904
154
563
826
279
673
177
76
743
625
807
639
945
903
79
355
286
722
441
44
872
419
339
781
808
871
353
484
40
416
853
360
841
744
872
545
792
880
26
814
21
345
511
453
644
985
323
783
711
576
399
209
580
291
451
195
43
680
54
354
515
499
413
968
429
465
176
911
480
147
411
346
863
845
532
421
584
551
256
942
863
116
619
539
618
466
767
574
350
921
140
31
442
375
370
968
162
323
251
327
15
416
156
783
357
821
437
640
741
635
207
576
308
990
813
18
228
719
6
646
41
153
427
345
215
60
796
263
986
607
48
894
133
136
180
165
271
856
899
980
156
3
295
518
136
966
871
940
409
636
217
300
877
754
210
978
825
73
92
453
827
564
391
334
939
723
356
764
358
656
997
395
467
696
129
599
578
931
319
915
64
767
168
119
832
218
122
849
791
207
610
67
527
492
745
142
599
865
115
941
816
275
452
845
915
953
876
811
385
127
325
95
163
401
418
79
100
698
506
31
539
686
261
792
445
573
982
894
346
450
146
823
63
426
928
137
36
56
961
306
991
448
466
942
505
562
320
389
87
162
275
299
788
542
518
780
853
880
149
175
317
405
464
394
497
636
424
855
503
483
64
933
811
607
958
234
722
546
481
880
883
234
820
277
858
239
804
575
543
69
167
184
406
859
502
639
432
323
885
663
282
219
424
467
173
971
192
522
278
849
765
616
558
889
870
670
133
281
104
418
450
684
596
129
415
212
92
933
699
557
894
770
943
752
1
381
925
262
432
207
5
238
598
286
402
225
329
956
365
139
193
244
496
620
635
299
902
600
481
812
273
460
908
695
652
74
621
770
595
319
352
695
31
218
658
576
150
456
508
393
370
22
336
382
353
430
196
525
101
895
13
276
884
806
326
966
643
609
521
498
159
101
493
245
84
797
881
33
522
919
360
621
564
178
357
623
835
483
760
415
2
936
754
254
243
492
885
495
979
356
40
517
345
689
114
886
492
951
996
430
918
301
708
751
427
519
799
687
279
33
519
962
967
372
93
65
974
533
801
667
91
748
768
780
561
515
37
964
416
392
523
705
954
412
321
743
808
765
535
686
933
456
768
629
955
283
145
30
917
531
857
250
477
721
553
630
663
130
798
134
78
103
237
721
230
178
70
869
849
835
924
965
797
250
212
728
758
253
580
556
664
972
14
18
464
715
36
340
28
208
806
828
303
574
402
271
26
417
772
178
832
922
119
259
552
29
498
115
464
138
326
819
487
1
175
293
212
906
881
644
174
307
109
327
748
723
612
841
374
295
347
29
563
954
295
232
860
762
843
191
297
761
104
387
107
810
581
474
249
205
7
904
375
340
930
686
667
511
712
82
218
564
890
862
756
595
885
13
67
305
174
435
545
916
122
221
994
247
415
274
167
797
895
480
581
571
366
273
150
633
809
335
254
170
137
894
881
245
113
889
35
330
292
872
328
433
147
280
301
511
198
179
622
298
744
354
498
384
920
537
116
523
797
106
859
335
233
420
316
807
226
76
774
469
405
69
598
881
972
149
629
692
929
528
639
132
315
208
508
818
505
165
548
347
828
594
391
477
962
744
732
154
728
951
275
865
360
906
675
27
876
874
328
996
945
894
840
691
623
650
213
731
672
693
800
778
615
927
428
826
980
19
632
199
149
121
513
624
414
807
176
913
932
665
199
448
526
703
378
334
245
982
428
633
614
737
55
224
126
930
456
271
653
939
890
51
806
818
914
896
462
45
315
849
235
426
723
495
55
690
774
695
245
670
417
389
163
922
561
829
48
50
485
283
688
515
673
329
46
739
581
490
809
131
678
812
442
219
131
939
93
135
914
372
942
873
196
447
862
951
934
9
934
967
202
456
731
296
285
152
698
739
138
333
398
425
607
354
393
806
102
698
839
863
984
238
985
144
925
446
56
73
86
611
287
522
278
36
534
380
326
607
925
138
353
171
814
832
120
459
559
106
998
510
134
241
998
133
509
34
284
308
336
79
65
292
172
249
299
856
795
942
996
287
605
880
282
170
49
799
527
383
828
504
698
69
993
485
574
168
907
951
633
911
863
609
447
676
676
847
368
100
311
702
559
56
178
374
589
619
270
622
206
117
721
543
226
352
73
588
694
889
898
767
548
416
972
543
176
587
376
705
269
608
596
925
416
978
342
723
762
854
750
70
900
159
174
927
126
758
902
84
104
646
691
283
589
407
176
378
565
425
176
377
2
803
730
186
493
853
582
191
433
171
168
61
185
203
987
824
622
41
415
592
451
992
517
994
996
820
858
385
684
21
467
342
247
767
737
606
855
520
877
435
451
146
613
990
468
985
678
563
154
303
493
269
679
519
633
788
226
710
43
380
511
944
898
545
972
394
48
151
631
788
760
878
878
546
348
94
991
979
562
399
610
769
583
821
100
482
319
18
949
718
163
260
316
803
444
88
289
5
735
799
11
433
794
801
764
956
974
927
825
856
205
285
630
319
846
263
90
947
878
195
55
908
825
464
741
635
570
237
294
736
975
838
557
503
257
410
835
80
34
816
642
327
736
332
766
881
313
692
625
712
407
759
646
160
974
208
720
291
995
952
532
610
424
634
891
782
757
915
37
46
713
170
179
73
770
580
555
806
193
210
745
778
257
847
276
10
265
93
559
818
1000
888
761
541
73
333
7
789
927
380
296
262
835
403
306
278
715
533
747
568
797
772
322
185
805
522
943
578
227
422
625
767
121
861
494
255
323
391
960
550
887
331
222
327
631
317
656
862
237
856
312
685
846
103
365
941
682
8
401
639
795
115
653
427
917
615
388
673
749
574
638
823
548
226
638
426
974
952
997
480
789
604
896
638
4
245
176
557
313
226
81
786
10
405
677
822
740
591
81
995
32
964
761
105
615
680
119
95
143
659
698
294
854
833
133
954
38
549
892
514
682
23
631
35
624
531
96
480
431
620
967
613
563
416
880
627
279
774
155
758
59
870
653
198
166
224
869
819
893
911
250
565
724
407
147
218
492
581
374
433
390
534
581
502
71
635
685
895
525
979
449
727
49
561
896
593
253
920
402
767
848
540
816
427
936
618
477
591
647
187
575
680
504
21
978
992
692
331
391
379
361
231
457
898
314
253
289
847
900
457
243
920
432
955
760
95
605
521
149
689
760
758
595
494
222
2
896
297
505
299
583
288
818
626
547
518
230
545
762
831
683
835
352
356
740
220
545
760
508
675
371
777
144
549
162
579
480
789
518
754
463
640
139
334
952
189
303
28
580
45
842
923
433
983
441
668
45
176
538
653
444
337
407
631
750
593
837
215
5
388
780
50
621
236
844
501
76
871
830
380
252
977
120
233
7
220
365
871
27
46
101
439
542
922
361
987
475
232
778
346
317
737
298
531
516
46
242
437
294
321
606
486
79
574
558
842
52
867
502
103
5
526
265
358
881
774
161
861
551
124
746
723
657
467
672
587
787
342
782
365
733
881
632
73
765
380
179
102
241
331
676
82
708
160
126
314
102
701
112
460
385
469
30
299
361
371
414
36
947
173
438
710
546
753
357
759
190
17
375
869
734
788
157
185
967
37
76
483
869
672
36
810
329
777
52
762
716
167
556
44
452
898
556
400
140
137
675
510
568
887
66
430
250
38
666
372
327
788
875
776
101
278
670
821
536
106
70
840
339
273
810
899
397
189
78
331
716
159
700
183
598
469
308
882
765
346
907
491
435
894
115
147
279
647
735
526
406
824
402
693
565
265
873
243
518
799
246
903
730
573
758
218
78
19
989
521
281
599
568
509
116
74
756
442
602
764
934
308
674
609
970
289
827
646
351
834
960
719
666
555
197
363
627
478
449
106
293
683
587
685
482
748
65
896
518
854
831
540
882
441
253
687
293
27
509
152
374
90
971
557
12
393
854
439
833
109
558
145
773
368
965
885
999
878
155
240
25
238
517
119
949
315
927
593
186
812
322
375
980
473
278
698
555
559
996
107
50
213
429
25
579
384
255
406
921
996
130
763
966
492
165
501
950
139
423
408
603
588
699
372
963
104
178
605
399
934
943
367
237
943
960
16
928
274
553
152
726
245
909
664
91
478
375
455
917
313
805
291
791
731
631
126
793
758
911
982
480
133
273
681
730
875
916
400
869
783
210
188
648
195
285
759
522
797
234
605
561
53
850
410
830
888
903
85
928
261
124
685
334
278
584
139
385
401
780
537
280
695
906
273
366
996
225
337
209
89
623
37
580
695
206
782
936
445
18
553
271
323
569
275
329
687
268
292
274
800
134
561
411
762
274
327
239
690
802
69
938
194
909
1
653
230
392
733
621
288
273
67
173
545
175
463
129
490
742
389
149
474
970
458
804
240
42
735
149
899
31
635
787
919
789
440
141
700
105
833
229
42
523
323
972
647
278
666
302
13
142
300
978
709
921
220
373
352
889
40
119
904
569
28
510
882
678
994
618
103
448
34
705
531
113
479
451
165
85
450
944
88
467
363
945
610
795
149
861
595
824
946
693
336
944
551
850
897
553
928
877
951
398
527
591
155
411
321
378
826
213
625
288
517
902
378
450
937
271
167
308
201
342
621
95
181
859
52
455
285
645
505
926
486
107
352
728
745
808
96
201
408
454
311
92
138
726
1000
110
801
670
897
890
370
500
626
765
77
659
691
269
102
211
846
222
459
366
325
93
870
256
749
584
109
703
475
253
225
940
117
219
204
255
116
614
574
842
752
359
481
327
173
603
139
531
837
435
813
71
343
188
138
661
846
175
946
32
325
500
624
103
545
826
728
395
71
18
252
703
184
982
737
256
49
67
462
676
456
454
77
600
613
423
357
252
957
303
591
154
685
87
79
264
493
660
846
634
394
310
350
675
264
952
845
245
112
405
333
975
911
616
899
662
583
964
607
56
506
510
67
189
387
944
144
30
632
431
382
619
189
456
314
679
338
806
620
967
1
655
289
11
568
240
47
380
86
885
167
47
148
93
752
128
344
526
338
267
794
301
583
478
177
329
329
819
606
65
1000
501
900
458
370
929
261
325
176
815
961
553
359
529
467
29
676
908
12
120
916
860
276
877
211
908
621
561
547
294
731
159
575
104
305
286
48
129
214
625
528
602
128
703
469
63
207
972
456
568
157
152
407
723
764
519
752
781
562
688
391
793
73
505
522
136
489
212
370
34
345
803
461
83
515
601
290
233
273
332
596
325
93
573
307
792
877
498
975
144
886
543
254
564
616
504
136
900
803
370
50
324
736
275
224
242
435
646
582
414
567
499
184
266
211
471
848
26
692
304
72
150
491
556
801
574
344
467
835
805
143
497
838
240
930
904
185
705
439
838
608
703
84
243
731
656
680
998
533
642
451
944
819
127
353
993
662
351
866
457
921
666
254
162
223
278
632
236
527
965
392
705
906
59
581
619
799
631
979
602
68
416
321
338
647
42
526
716
973
680
254
756
52
244
351
763
660
189
473
334
396
696
237
911
210
859
676
131
370
270
668
403
427
611
399
854
37
271
308
655
608
905
738
787
234
634
266
302
647
518
245
174
446
746
462
416
529
342
984
962
13
758
315
281
91
283
708
844
662
63
610
337
173
89
480
30
596
877
376
610
110
832
972
485
294
299
331
549
71
469
210
282
951
686
569
253
739
281
736
876
776
610
121
121
782
857
103
109
921
885
600
583
19
724
71
137
836
482
493
468
851
992
593
474
458
55
389
629
325
173
827
967
755
207
840
201
281
88
856
632
811
209
402
716
540
810
885
291
927
63
299
166
319
918
229
602
996
504
279
322
303
854
326
347
561
327
543
600
23
455
450
655
520
113
94
875
649
193
222
787
705
451
717
700
425
584
910
482
847
314
56
845
331
477
736
465
344
313
623
942
327
885
293
218
889
663
765
451
220
73
515
914
496
694
260
492
162
277
125
379
177
709
847
540
103
682
721
986
305
686
478
683
555
563
185
809
414
168
278
204
468
603
427
406
677
247
983
32
954
846
521
235
42
480
788
585
748
668
410
252
300
605
823
879
729
1
623
364
407
511
114
726
40
263
14
289
48
975
22
406
729
930
443
979
316
667
400
986
969
427
554
593
537
103
679
882
682
198
30
804
603
746
760
210
321
252
797
193
993
149
290
536
454
890
393
523
525
111
674
817
136
672
905
552
576
924
848
644
982
179
526
495
324
873
784
910
735
99
455
272
15
146
242
173
531
646
573
460
551
132
218
285
887
675
840
120
400
147
513
486
397
223
624
23
240
461
530
683
137
52
828
661
276
285
950
900
630
909
111
596
160
385
417
662
135
731
430
275
275
261
562
790
734
939
67
418
448
790
423
449
193
918
989
872
982
759
495
903
160
111
61
725
705
703
966
283
224
161
211
904
423
697
500
773
3
654
223
698
91
11
198
497
997
297
633
472
766
168
732
197
33
245
409
550
425
94
105
854
770
772
343
415
117
224
374
484
250
489
693
325
739
917
367
409
918
742
920
175
844
519
901
630
360
327
67
526
914
901
154
142
660
165
451
128
516
553
776
801
492
588
468
213
774
707
755
907
60
669
170
444
87
924
482
114
63
629
873
559
418
412
442
747
984
267
318
115
670
269
379
742
713
118
468
257
774
758
265
773
31
677
168
423
953
209
36
697
260
213
365
536
2
324
680
637
100
191
425
128
209
132
862
313
168
40
310
569
825
549
345
89
175
695
89
240
16
67
666
723
808
402
238
257
618
669
285
845
801
377
947
903
654
5
753
964
851
801
73
173
744
969
220
838
571
674
38
704
973
69
789
369
835
306
117
273
874
958
824
233
223
520
684
856
645
464
125
902
488
874
925
612
626
82
193
299
36
823
350
141
640
725
131
945
668
525
321
586
658
40
337
498
629
109
436
387
174
423
593
471
80
58
570
112
993
591
112
354
122
374
217
256
953
651
966
292
445
988
866
643
817
171
480
705
629
887
860
112
121
967
317
543
59
106
801
113
179
304
906
178
189
582
63
809
967
640
878
619
964
111
624
877
248
549
686
212
261
623
843
864
949
595
73
894
665
97
641
501
945
743
277
619
725
727
473
937
91
892
225
196
834
333
236
166
271
713
698
980
838
108
201
385
779
441
110
828
337
368
43
917
635
529
12
517
329
650
726
62
622
478
985
665
863
351
733
607
254
909
36
570
104
159
911
173
315
281
523
17
252
743
885
913
713
465
900
848
266
375
494
986
205
879
374
728
363
189
308
512
757
954
837
605
146
384
876
706
149
532
721
965
627
373
441
793
994
221
351
420
537
557
682
27
611
214
686
923
917
357
615
874
155
143
244
76
950
878
696
610
993
554
887
8
876
667
447
774
720
645
780
874
715
805
585
491
727
780
299
385
543
394
704
435
713
877
713
273
306
297
132
796
142
42
53
82
919
520
333
590
409
226
915
680
507
751
195
57
792
744
596
313
63
90
855
621
815
963
244
851
207
787
407
319
549
637
259
419
414
925
925
659
542
324
333
911
960
586
665
924
703
451
810
277
966
566
970
838
429
850
686
530
917
281
369
221
287
618
626
620
287
57
743
75
647
474
849
935
553
526
609
510
172
581
948
908
83
893
419
712
947
161
662
862
900
510
867
525
241
906
49
883
899
957
233
224
139
621
127
25
39
740
38
910
335
61
562
438
144
240
266
777
576
625
573
535
427
687
603
935
958
828
40
706
418
617
541
865
556
348
376
211
370
28
653
204
376
852
821
163
915
494
197
91
414
914
666
997
972
591
284
139
869
585
120
183
980
588
203
45
88
344
347
431
538
373
856
920
902
929
363
979
670
336
366
621
443
803
733
600
973
716
235
505
221
552
352
780
689
678
985
958
208
8
872
148
270
320
206
802
642
69
214
382
879
469
852
87
464
13
878
992
679
655
482
921
919
747
880
256
152
489
281
547
580
613
560
961
496
436
192
578
140
759
870
165
287
390
432
657
700
135
982
653
2
183
512
651
219
591
393
970
18
642
946
204
451
71
330
768
950
82
996
121
596
360
210
486
373
315
273
947
193
402
236
431
429
708
437
248
497
150
426
116
600
484
997
537
191
469
414
832
33
570
964
821
562
871
122
106
123
19
239
557
637
221
681
239
882
56
834
174
480
128
219
485
247
221
912
602
54
999
357
713
721
843
368
287
477
470
806
82
719
838
890
999
82
641
595
819
783
144
206
878
786
868
932
933
818
13
566
207
881
799
245
107
653
261
942
808
135
202
775
68
154
294
715
305
694
581
876
285
61
151
986
25
149
659
198
916
600
813
292
305
168
106
713
238
279
282
585
118
678
293
852
322
852
769
593
955
993
907
660
275
148
507
764
957
890
661
496
722
456
133
52
598
227
875
470
234
245
847
350
475
139
839
637
930
741
367
869
341
389
816
465
335
676
668
830
540
753
137
83
239
147
436
805
775
793
624
6
519
704
695
990
277
437
343
811
46
788
217
813
144
640
990
285
536
548
651
168
12
297
599
294
419
777
515
135
668
420
353
888
581
544
815
186
446
542
950
597
189
394
238
627
186
164
677
959
317
405
192
152
903
972
593
9
815
114
417
91
630
314
631
228
45
157
994
314
813
612
748
299
174
232
143
671
45
655
68
408
952
159
354
392
652
576
908
652
41
197
983
880
459
36
738
451
829
438
38
908
193
625
392
229
723
708
596
999
975
538
764
791
544
386
690
351
683
798
675
496
850
572
308
406
637
266
825
524
222
253
243
434
620
210
250
548
315
734
124
365
986
516
469
116
29
238
7
494
403
446
963
284
755
981
745
734
163
35
453
959
577
200
234
51
573
354
563
191
798
192
208
681
997
951
62
704
175
835
442
676
366
680
183
912
938
209
438
623
412
33
53
349
76
152
123
80
516
624
747
407
852
464
655
17
679
321
599
881
118
496
387
449
875
11
221
749
345
776
322
993
818
994
2
829
505
180
277
536
593
11
321
755
525
440
994
911
154
691
473
361
522
582
953
525
986
841
533
778
55
401
589
229
956
847
547
847
478
166
393
363
164
325
750
339
393
742
545
826
989
549
20
560
955
421
348
81
132
456
288
991
211
