548
312
794
833
616
650
308
711
68
584
445
671
597
620
244
690
118
923
626
909
199
593
741
366
182
228
4
680
540
414
67
462
977
79
449
829
257
458
760
677
608
158
557
129
741
713
921
821
188
760
95
927
686
809
671
105
12
253
482
950
978
904
567
467
1
859
661
208
743
901
946
287
675
541
772
764
587
610
910
597
712
663
677
756
373
617
252
139
356
146
596
432
722
788
400
617
996
254
592
753
73
795
307
948
626
771
627
231
520
585
588
315
996
839
710
420
221
863
523
5
189
172
906
871
661
984
693
185
962
847
216
193
632
91
251
628
519
874
706
131
234
509
67
527
39
482
344
46
964
532
493
334
415
114
92
418
298
245
79
3
900
902
398
360
275
271
922
320
104
88
17
935
740
550
963
808
538
463
156
939
884
673
211
711
99
667
954
401
145
460
927
158
202
899
122
725
706
718
200
272
528
103
919
524
355
476
395
527
116
870
769
43
341
164
923
584
232
281
875
486
795
43
571
298
186
302
491
241
173
112
236
523
628
590
358
418
641
191
221
308
789
239
769
708
237
23
381
816
270
315
432
815
615
548
619
25
638
487
963
891
237
197
151
138
942
901
932
312
309
591
31
566
573
858
250
929
22
25
611
136
62
112
481
100
53
822
417
800
733
118
112
908
769
854
569
669
933
371
594
239
544
244
922
205
341
695
269
336
224
81
836
991
151
2
534
766
870
80
43
274
575
235
403
627
418
25
850
227
458
786
415
478
144
14
190
459
428
934
930
738
145
169
783
622
777
760
759
340
601
372
314
421
501
630
652
257
679
951
858
948
604
377
357
342
919
598
938
277
867
976
993
46
171
632
685
292
572
842
371
528
94
41
318
241
702
79
27
485
288
544
656
225
83
128
194
390
757
290
472
173
81
899
570
885
229
342
510
290
633
456
243
671
277
799
343
223
603
39
583
801
597
477
886
474
607
471
359
751
88
220
830
147
958
304
660
446
24
75
961
159
447
491
368
755
87
958
949
183
786
180
729
170
735
788
82
134
745
751
404
33
426
114
325
527
546
472
848
402
875
903
248
4
503
817
319
172
75
662
431
888
533
624
529
666
141
351
589
438
296
830
233
179
291
230
5
360
822
361
606
760
110
962
81
417
375
755
99
954
802
583
823
435
284
473
863
769
567
636
718
874
221
21
102
541
281
262
886
718
457
453
526
705
137
292
605
781
641
841
755
307
139
65
659
175
173
281
499
598
310
413
519
720
638
84
690
649
78
132
255
770
51
138
320
829
373
693
772
737
269
828
526
546
270
980
444
485
730
814
93
450
208
817
310
747
901
996
727
900
370
663
369
100
596
794
283
595
617
869
270
484
921
914
933
157
691
568
953
532
715
826
116
493
184
584
612
513
986
179
595
873
691
742
988
155
85
12
368
876
141
53
219
943
191
749
456
269
675
366
932
973
46
212
465
302
931
745
217
371
331
811
799
478
587
627
608
104
366
832
879
719
834
611
314
361
599
499
623
185
341
276
395
256
805
924
620
93
995
934
653
160
306
211
426
107
449
101
229
906
749
509
472
277
591
208
684
707
591
478
618
313
585
804
327
84
767
522
949
259
927
382
184
281
439
218
222
257
446
316
587
546
244
749
459
877
925
109
961
277
545
749
208
471
616
748
680
489
405
854
404
296
592
153
577
389
184
890
49
832
825
792
153
799
250
7
736
488
818
176
49
622
765
55
818
417
185
510
214
225
350
448
824
643
701
143
337
165
463
426
588
375
378
809
904
162
400
651
318
718
640
339
51
14
17
126
456
479
356
88
121
66
394
48
170
613
206
81
704
544
355
546
943
70
905
552
784
459
180
265
342
118
998
893
345
823
695
905
18
234
506
316
864
348
561
846
290
157
443
525
654
23
101
417
34
47
359
499
777
1
81
186
600
808
117
662
41
670
886
784
752
57
554
857
412
896
500
786
848
404
453
636
435
354
404
657
204
767
163
499
298
661
748
428
932
622
228
605
220
670
143
371
25
806
500
439
933
325
90
724
396
122
427
638
494
776
360
98
615
641
821
464
805
30
223
224
833
29
875
284
234
261
408
954
94
902
352
158
867
508
835
501
141
950
797
124
321
625
297
554
313
715
918
139
488
29
9
23
689
376
683
18
939
835
324
341
568
251
967
941
390
877
472
171
109
704
844
748
370
959
168
754
235
677
45
98
740
833
538
951
930
181
50
31
390
881
456
20
404
861
976
782
181
351
128
472
442
610
855
1000
66
856
